-0.131902
0.647570
1.161247
0.986066
0.596427
0.415855
0.824112
1.056635
1.559917
0.983832
0.497791
0.174694
0.035104
0.135528
0.527278
0.839033
0.824721
0.139036
0.140908
0.487073
1.146652
1.532424
1.746333
1.685338
1.236273
1.232891
1.641162
1.859598
1.675873
1.084164
0.523185
-0.092663
-0.301439
-0.439046
0.118043
0.289286
-0.108426
-0.007421
-0.778961
-0.481294
0.164975
0.749726
0.378485
0.352389
0.253698
-0.052892
-0.217025
0.494245
0.232000
-0.133808
-0.679994
-0.964464
-1.538693
-1.550511
-1.122179
-1.040646
-1.159304
-1.618878
-1.687893
-1.492419
-0.818383
-0.516214
0.028494
-0.509796
-0.577341
-0.759112
-0.379055
-0.094562
0.005268
-0.175207
-0.673527
-1.614732
-1.323794
-1.175443
-1.084721
-1.163596
-0.980050
-1.105632
-0.978315
-0.919755
-0.177998
0.244695
0.486234
0.532031
0.571052
0.337485
0.683788
1.102632
0.836284
1.106824
0.485505
-0.043827
-0.289438
-0.053595
0.150431
0.200940
0.405668
0.133727
0.064388
0.355795
1.028743
1.431004
2.133988
1.605839
1.489074
1.370932
1.484162
1.550347
1.651262
1.505137
0.943829
0.444489
0.032669
0.024302
0.326743
0.188198
0.299775
-0.427186
-0.320410
0.085946
0.396752
0.794284
1.176367
0.806706
0.515009
0.614003
0.361300
0.352541
0.661986
0.021123
-0.334464
-1.129536
-1.353403
-1.031960
-1.212580
-0.948656
-1.058662
-1.249887
-1.646506
-1.370312
-0.842334
-0.402552
-0.454815
-0.316634
-0.764558
-0.641514
-0.568858
-0.173577
-0.209943
-0.506128
-0.916210
-1.648609
-1.750572
-1.630339
-1.508998
-1.129354
-1.191096
-1.281362
-1.211680
-1.202006
-0.428423
0.193295
0.380902
0.303760
0.268437
0.089327
0.199839
0.795885
0.978201
0.749712
0.321755
-0.209833
-0.586794
-0.354760
0.399611
0.237677
0.460679
-0.141392
-0.022315
0.115123
0.828595
1.281894
1.648819
1.336989
1.204565
1.220143
1.473915
1.954557
1.975054
1.511455
0.861294
0.255281
0.143284
0.226985
0.470054
0.528664
0.133430
0.420167
-0.175572
0.002379
0.648424
1.227821
1.292767
1.006720
1.030153
0.534440
0.917770
0.616045
0.883532
0.432855
0.040911
-0.598675
-1.199492
-1.081608
-0.797984
-0.549069
-0.820562
-1.180924
-1.353514
-1.222812
-0.823198
-0.141493
-0.086606
-0.232599
-0.447555
-0.682901
-0.569533
-0.082485
-0.258560
-0.550296
-0.949713
-1.585183
-1.744250
-1.754825
-1.475569
-1.082813
-1.418807
-1.747707
-1.558247
-1.563607
-0.544557
0.044863
0.131344
0.187385
0.001824
-0.222983
0.230634
0.429377
0.736306
0.420758
0.014437
-0.363574
-0.515530
-0.325216
0.181356
0.299068
0.103334
-0.248921
-0.263979
0.090146
0.588987
1.084147
1.329382
1.807002
1.302438
1.240803
1.503559
1.704249
1.682271
1.595770
0.870350
0.301582
0.154147
0.344739
0.466615
0.621598
0.222042
0.115038
0.077899
0.360470
0.632596
1.208523
1.372945
1.217127
0.890935
0.685539
0.651369
0.828770
1.318586
0.778179
0.225845
-0.563713
-1.008497
-0.901159
-0.902849
-0.557144
-0.553092
-1.131639
-1.051548
-1.093835
-0.569943
-0.402297
0.170461
-0.060160
-0.589160
-0.574732
-0.412665
-0.243616
-0.035434
-0.448445
-1.071804
-1.332957
-2.087337
-1.662716
-1.348752
-1.351527
-1.267024
-1.560100
-1.496753
-1.714869
-0.759003
-0.322942
-0.033421
-0.140697
-0.032936
-0.376553
0.029024
0.318166
0.493311
0.172813
-0.240272
-0.801618
-1.019717
-0.828860
-0.309632
-0.229191
-0.220933
-0.519677
-0.347384
-0.204301
0.390266
0.688662
1.244716
1.219258
1.191675
1.296253
1.280457
1.723360
1.811099
1.248288
0.907074
0.321174
0.305483
0.136014
0.581239
0.747351
0.831497
0.219690
-0.136952
0.584457
0.889082
1.434466
1.692674
1.559968
1.178101
1.109196
1.081282
1.084404
1.147612
0.953887
0.200424
-0.119410
-0.586114
-0.333715
-0.315670
-0.442862
-0.654213
-0.722222
-1.073324
-0.602498
-0.328562
0.129826
0.470440
-0.037260
-0.260968
-0.444319
-0.396137
0.004439
0.004651
-0.445587
-1.048871
-1.552851
-1.896528
-1.886527
-1.370576
-1.101674
-1.360394
-1.770757
-1.742954
-1.417290
-1.038487
-0.580433
-0.076875
-0.243744
-0.427246
-0.549959
-0.197942
0.149947
0.334256
0.079279
-0.789104
-1.103087
-1.259678
-0.907607
-0.550950
-0.380963
-0.700214
-0.528980
-0.731254
-0.241391
0.166472
0.504221
1.286703
1.217345
1.021969
0.946606
1.147146
1.202991
1.354681
1.074028
0.820290
0.189601
-0.061052
0.216728
0.771674
0.741754
0.566490
0.424006
0.436874
0.525803
1.248361
1.547940
1.690407
1.792742
1.344814
1.253193
1.448600
1.322654
1.730454
1.186371
0.610506
-0.151704
-0.322981
-0.238844
-0.142223
-0.337728
-0.143033
-0.247360
-0.736498
-0.553615
-0.230383
0.358302
0.703724
0.229924
0.040051
-0.330377
-0.430185
0.026867
0.262130
-0.288018
-0.805904
-1.295223
-1.675493
-1.453778
-1.288440
-1.250835
-1.284349
-1.697932
-1.582664
-1.362129
-0.902534
-0.219859
-0.101340
-0.465358
-0.985610
-0.770237
-0.319861
-0.174521
0.078317
-0.212961
-0.640189
-1.061931
-1.597889
-1.459589
-0.560404
-0.618421
-0.670976
-1.041511
-0.761964
-0.464362
-0.171253
0.727820
0.922209
0.706916
0.554471
0.799643
0.955697
1.369763
1.478227
1.074678
0.645030
0.311403
-0.284838
0.138924
0.796976
0.525264
0.559859
0.315600
0.312227
0.493830
1.317746
1.112000
1.799826
1.864451
1.671358
1.283088
1.312310
1.760844
1.718087
1.262182
0.732771
0.215974
-0.180899
0.014277
0.249256
0.235548
0.020799
-0.261096
-0.616308
-0.330170
0.043940
0.462055
1.014884
0.620254
0.314931
0.198866
0.208423
0.138784
0.235479
0.194698
-0.579359
-1.063113
-1.179200
-1.234421
-1.171596
-1.058795
-1.268469
-1.579106
-1.588911
-1.494386
-0.705867
-0.560853
-0.178539
-0.150587
-0.507579
-0.731326
-0.453425
-0.315661
-0.031278
-0.259067
-0.692783
-1.253789
-1.612203
-0.917450
-1.306065
-1.112396
-1.023410
-1.061502
-1.156309
-0.621560
-0.242860
0.324811
0.930526
0.825214
0.528049
0.582852
0.634205
1.001659
1.127658
1.210561
0.477113
0.102996
0.059933
-0.110466
0.271066
0.672593
0.514821
0.250029
-0.186868
0.411279
1.551679
1.602370
1.673513
1.778693
1.435620
1.033188
1.274131
1.977813
1.687984
1.467971
0.954269
0.524605
-0.258709
0.028681
0.334406
0.474438
0.237749
-0.073713
-0.268751
-0.096941
0.553408
0.703803
0.689187
0.809396
0.614228
0.506883
0.368284
0.350706
0.604135
0.342395
-0.411461
-1.000390
-1.329988
-1.249561
-1.089206
-1.138555
-0.968327
-1.523088
-1.449580
-1.313447
-1.265578
-0.515115
0.054855
-0.283714
-0.687563
-0.829701
-0.545319
-0.386748
-0.285480
-0.454753
-1.003483
-1.402545
-1.663627
-1.790064
-1.627989
-0.975641
-1.072613
-1.677050
-1.330625
-1.077840
-0.124447
0.204327
0.583965
0.590544
0.183215
-0.006061
0.523319
0.573250
0.764201
0.584551
0.203692
-0.207682
-0.281973
-0.168695
0.231275
0.157426
0.128725
-0.109611
-0.053917
0.252297
0.874094
1.314275
1.752195
1.558086
1.741091
1.117223
1.564157
1.666462
1.553470
1.302253
1.119011
0.306922
0.297789
0.342595
0.655367
0.377695
0.181515
-0.140337
-0.006908
0.195655
0.704023
1.049874
1.309075
0.813411
1.044986
0.612169
0.529910
0.769997
0.642491
0.598871
-0.056596
-0.593343
-0.898599
-0.943515
-0.590754
-1.116685
-1.146884
-1.349991
-1.539884
-1.351484
-0.623012
-0.291451
0.129699
-0.158986
-0.339662
-0.436911
-0.656592
-0.270737
-0.125588
-0.367402
-0.797168
-1.649216
-1.596413
-1.344562
-1.413193
-1.456843
-1.537705
-1.394618
-1.824221
-1.316752
-0.830547
0.223518
0.017235
0.222924
0.305324
0.099342
0.363438
0.484125
0.659990
0.479425
0.011005
-0.513822
-0.626673
-0.415715
-0.184499
-0.049155
-0.060641
-0.188408
-0.140225
0.315450
0.649783
1.397967
1.569970
1.483355
1.137813
0.989960
1.147107
1.619646
1.769564
1.478719
1.193868
0.529076
-0.068824
0.275564
0.766537
0.369970
0.538338
-0.085966
0.124806
0.017007
0.844835
1.261161
1.400922
1.007116
1.230850
0.763475
0.649322
0.741290
1.023873
0.838210
0.115692
-0.551710
-0.856950
-0.714359
-0.532533
-0.514315
-0.498057
-0.899940
-1.442768
-0.952946
-0.380570
-0.091923
-0.313912
-0.237343
0.121882
-0.555395
-0.677778
-0.652128
-0.137062
-0.436980
-0.705308
-1.572473
-1.873679
-1.593154
-1.348953
-1.299838
-1.339400
-2.077362
-1.688149
-1.282555
-1.183572
-0.384572
0.002831
-0.267652
-0.277915
-0.092555
-0.098009
0.061946
0.415045
0.471742
-0.454880
-0.770395
-0.994421
-0.519533
-0.017548
-0.058028
-0.264291
-0.374987
-0.472686
0.056942
0.730449
1.074903
1.505923
1.335933
1.285961
1.060623
1.035203
1.667840
1.706520
1.329813
1.167244
0.536657
0.251044
0.406045
0.490083
0.947276
0.583265
0.295249
0.195935
0.388610
0.779855
1.348725
1.444305
1.517896
1.166480
0.912343
1.052676
1.415625
1.129545
0.910873
0.321983
-0.369353
-0.616982
-0.561791
-0.301482
-0.325003
-0.277815
-1.214470
-0.930916
-0.715672
-0.533639
0.116247
0.492734
-0.210354
-0.153211
-0.314710
-0.347376
-0.159107
-0.086250
-0.435038
-0.869265
-1.709399
-2.018316
-1.421167
-1.708416
-1.105325
-1.224521
-1.878959
-1.930304
-1.385192
-1.001585
-0.442859
-0.209900
-0.352830
-0.584320
-0.191679
-0.400893
-0.125733
0.090016
-0.000762
-0.406351
-1.021690
-1.052263
-1.023044
-0.611708
-0.704799
-0.871951
-0.653172
-0.660783
-0.181428
0.529771
1.033899
1.056897
1.238946
1.172723
1.136016
1.077421
1.279401
1.703537
1.461722
0.929206
0.561822
0.072549
0.360009
0.410535
0.492648
0.540622
0.008743
0.239505
0.575257
1.122037
1.496759
1.740976
1.386674
1.483819
1.119591
1.013151
1.204649
1.429595
1.075460
0.725261
-0.083100
-0.062001
-0.170653
-0.275201
-0.255210
-0.076241
-0.524183
-0.818227
-0.767785
-0.207953
0.374595
0.400432
0.253325
-0.128249
-0.304532
-0.176062
0.249310
0.160760
-0.023580
-0.605559
-1.273355
-1.804167
-1.637048
-1.623839
-1.331441
-1.599242
-1.793180
-1.865471
-1.747558
-0.905843
-0.358438
-0.208146
-0.296331
-0.414564
-0.403238
-0.633362
-0.180876
-0.063631
-0.303759
-0.549112
-0.998648
-1.603595
-1.244723
-1.145486
-0.510303
-0.775958
-0.941617
-0.903948
-0.729331
0.278362
0.871558
0.914688
0.441587
0.480584
0.890210
0.821001
1.384121
1.137484
0.870864
0.708333
0.389847
-0.090097
0.095517
0.388588
0.496178
0.432936
0.581012
-0.024131
0.321360
1.227088
1.791769
1.837848
1.460053
1.632973
1.206310
1.402624
1.473833
1.500669
1.492901
0.801004
0.000765
-0.078578
-0.132252
0.237324
0.275395
0.277069
-0.474867
-0.538696
-0.110857
0.149654
0.543155
0.839505
0.389496
0.250455
0.112885
0.057511
0.577710
0.448578
0.074833
-0.413228
-1.144302
-1.251918
-1.636451
-1.060081
-1.220518
-1.294139
-1.407014
-1.711634
-1.613021
-0.954861
-0.319985
-0.261237
-0.444942
-0.541879
-0.638478
-0.429240
-0.226498
-0.308362
-0.468554
-0.792732
-0.978426
-1.325404
-1.563526
-1.285918
-0.653905
-0.834777
-1.439427
-1.014844
-1.264959
-0.247991
0.295488
0.681608
0.603369
0.482041
0.249896
0.535282
1.038723
1.179439
0.852695
0.471834
0.343519
-0.114015
0.127111
0.600865
0.663445
0.524857
-0.142086
0.276220
0.268321
0.848550
1.484893
1.857677
1.602465
1.213456
1.163736
1.324492
1.938165
1.725451
1.725562
1.004862
0.441753
0.074639
0.131024
0.321063
0.503533
0.289864
-0.050714
-0.143299
-0.338968
0.249059
0.698411
1.268558
0.977996
0.341645
0.215251
0.346245
0.534319
0.365095
0.172448
-0.236998
-1.059272
-1.316480
-1.492532
-0.972016
-1.010043
-0.888279
-1.420712
-1.667546
-1.709730
-0.919212
-0.250257
-0.353726
-0.080111
-0.590442
-0.923345
-0.564517
-0.581885
-0.119793
-0.703119
-0.868704
-1.503838
-1.788226
-1.384498
-1.114424
-0.997191
-1.225715
-1.398423
-1.756318
-1.269249
-0.620464
-0.043944
0.338266
0.212039
0.359615
0.298165
0.517152
0.776900
0.765128
0.739406
0.356608
-0.333828
-0.670718
0.126598
0.284012
0.319597
0.313563
0.189120
-0.127238
0.048718
0.784447
1.464495
1.717356
1.684904
1.377549
1.401079
1.533934
1.736372
1.812888
1.414509
0.972498
0.442254
0.176629
0.438114
0.259632
0.709835
0.437542
-0.051249
-0.173614
0.353408
0.911781
0.869166
1.181541
1.031632
0.722565
0.420690
0.522578
1.069738
0.724177
0.418634
-0.200667
-0.671153
-1.247009
-1.124806
-0.656477
-0.635251
-1.066894
-1.051642
-1.194435
-1.336894
-0.669585
-0.107472
-0.242039
-0.133226
-0.657141
-0.329053
-0.628249
-0.141031
-0.364892
-0.472942
-1.055935
-1.735220
-1.876939
-1.894389
-1.170186
-1.295967
-1.278070
-1.145338
-1.616619
-1.035463
-0.741897
-0.288652
0.387089
0.182350
0.256566
-0.058555
0.206170
0.296575
0.716694
0.692126
-0.140790
-0.412249
-0.632451
-0.390198
-0.144527
0.194893
0.245073
-0.120807
-0.395867
-0.065973
0.675836
1.355471
1.054496
1.634696
1.397214
1.170812
1.182510
1.734029
1.764411
1.324174
1.082274
0.254028
-0.171265
0.390025
0.376016
0.604931
0.504931
0.266208
0.198934
0.218826
0.496447
1.579433
1.617668
1.326351
0.697174
0.629562
0.737889
0.967555
1.099645
0.880478
-0.087309
-0.619110
-1.009973
-0.822922
-0.595621
-0.516409
-0.760431
-1.019373
-1.147621
-1.044930
-0.548786
-0.158482
0.288980
-0.110605
-0.502336
-0.461994
-0.427493
-0.102312
-0.009768
-0.329776
-0.931016
-1.635145
-1.735101
-1.753813
-1.484800
-1.341670
-1.289442
-1.533196
-1.766139
-1.430448
-0.593321
-0.028846
-0.026281
0.194820
-0.226111
-0.199478
-0.058185
0.020039
0.427063
0.337293
-0.199552
-0.865800
-1.110935
-0.503196
-0.271783
-0.107739
-0.368417
-0.452686
-0.457880
0.074240
0.613175
0.861820
1.702350
1.466318
1.128460
1.324472
1.360378
1.561142
1.468812
1.526558
0.597948
0.584188
0.157143
0.221864
0.675024
0.908686
0.709442
0.385897
0.232210
0.267839
0.981396
1.372038
1.615649
1.402488
0.974252
0.993656
1.126946
1.246264
1.426393
0.837965
0.335369
-0.183604
-0.490594
-0.531600
-0.305867
-0.183838
-0.560405
-0.730750
-0.967086
-0.852057
-0.343015
0.057798
0.103619
0.294973
0.077355
-0.646653
-0.444386
-0.104728
-0.083181
-0.242666
-0.936013
-1.694305
-1.712562
-1.448078
-1.434793
-1.315639
-1.287027
-1.698816
-1.842130
-1.541495
-0.677370
-0.616192
0.033788
-0.508190
-0.354761
-0.399901
0.166918
0.162439
0.023821
-0.178013
-0.327099
-0.855639
-1.281437
-0.903467
-0.460832
-0.616208
-0.676154
-0.835817
-0.707201
-0.419012
0.370308
0.980146
0.945937
1.188433
0.949903
0.705597
1.218384
1.505328
1.584731
1.295022
0.737311
0.294004
0.104154
0.475806
0.246976
0.725995
0.790147
0.297251
0.180293
0.573003
1.027919
1.534301
1.845124
1.643135
1.338454
1.504846
1.011459
1.373038
1.647092
1.445045
0.522298
-0.300302
-0.279893
-0.369917
0.007298
0.090826
-0.297241
-0.364258
-0.821769
-0.616551
0.018979
0.321505
0.788659
0.225771
-0.088094
-0.227499
-0.143287
-0.019815
0.420401
-0.345862
-0.697392
-1.334670
-1.612941
-1.569304
-1.348307
-1.546332
-1.453072
-1.853570
-1.874388
-1.739507
-1.218627
-0.552543
-0.246173
-0.211648
-0.526481
-0.587832
-0.422888
-0.097172
-0.230292
0.039834
-0.800739
-1.422805
-1.459183
-1.137793
-0.757433
-0.638879
-0.745022
-0.712579
-1.101027
-0.746979
0.203126
0.448837
1.017564
0.916175
0.750175
1.028056
1.111114
1.440318
1.054183
1.059635
0.563403
0.358628
0.089934
0.382509
0.271003
0.874459
0.411388
0.168834
0.115998
0.540644
1.147718
1.596086
2.122394
1.725272
1.602195
1.385309
1.496879
1.828730
1.919876
1.281774
1.024562
0.482199
0.228455
0.187413
-0.154269
0.491273
-0.116681
-0.199778
-0.294885
-0.099510
-0.226304
0.677218
0.887313
0.632096
0.343181
-0.067223
0.104504
0.228578
0.338934
0.167469
-0.929117
-1.104718
-1.672208
-1.253762
-1.085665
-1.013262
-1.333298
-1.765866
-1.674129
-1.393877
-0.806217
-0.471429
0.156595
-0.503242
-0.796315
-0.663373
-0.602361
-0.312234
-0.241481
-0.344492
-0.859117
-1.473054
-1.409430
-1.458994
-1.031272
-0.838633
-1.241546
-1.104282
-1.313701
-0.814286
-0.305045
0.165033
0.557627
0.771648
0.654599
0.521341
0.778717
1.077149
1.241855
1.184008
0.194486
0.139608
-0.232830
-0.149590
0.567844
0.344314
0.389764
0.065170
0.031448
0.415501
1.034418
1.532813
1.498924
1.822374
1.596306
1.146620
1.495430
1.616828
1.665863
1.359743
0.900060
0.332892
0.040154
0.149051
0.090847
0.387622
0.251680
-0.351524
-0.383304
0.050047
0.468036
0.790138
0.905833
0.765371
0.229476
0.474846
0.317845
0.498245
0.744089
0.264683
-0.376966
-0.989765
-1.077220
-0.984925
-0.941553
-1.014606
-1.394532
-1.710169
-1.807789
-1.322251
-0.948706
-0.241133
-0.073274
-0.239316
-0.679535
-0.587378
-0.597139
-0.338809
-0.207374
-0.107981
-1.108833
-1.525729
-1.883036
-1.750521
-1.077366
-1.119913
-1.128343
-1.461914
-1.490369
-1.100826
-0.556120
0.215179
0.386839
0.593809
0.305720
0.126208
0.282407
0.748218
0.933707
0.614280
0.251023
-0.181820
-0.301838
-0.282055
0.080054
0.375021
0.191662
0.015778
0.091651
0.285644
0.806155
1.645123
1.847566
1.693918
1.449862
1.435315
1.612459
1.745444
1.850929
1.507925
0.885015
0.482222
0.331641
0.296031
0.532305
0.686160
-0.029638
0.071956
-0.205984
0.092313
0.528320
1.057560
1.426910
1.151389
0.621272
0.797985
0.646236
0.658807
0.803958
0.501187
-0.104736
-0.711792
-0.993094
-1.092250
-0.853391
-0.536184
-0.832431
-1.369521
-1.451635
-1.565568
-0.723749
-0.288632
-0.204500
0.191773
-0.653805
-0.659646
-0.456468
-0.430341
-0.286412
-0.674966
-0.745315
-1.648562
-1.649747
-1.865143
-1.318561
-1.268834
-1.053161
-1.748875
-1.319077
-1.323768
-0.789665
0.033613
0.384709
0.099247
0.037016
-0.332602
0.262384
0.485789
0.499997
0.489960
-0.043986
-0.429293
-0.662109
-0.357725
-0.085856
0.029805
-0.142518
-0.353793
-0.304657
0.020192
0.875354
1.406900
1.458788
1.414238
1.424118
1.325580
1.575352
1.189004
1.513013
1.481202
0.931041
0.307240
0.152563
0.470914
0.576992
0.467910
0.554985
0.273870
0.033837
0.032063
0.834988
1.385661
1.479798
1.500624
0.943977
0.599601
0.819639
1.146069
0.916426
0.678493
0.256331
-0.212443
-1.003101
-1.033601
-0.379576
-0.623910
-0.868394
-1.106279
-1.205235
-1.311110
-0.490109
-0.021669
0.186280
-0.103301
-0.450442
-0.610879
-0.136098
-0.433224
0.040018
-0.307041
-1.053139
-1.371846
-1.579241
-1.711375
-1.385314
-1.380269
-1.485181
-1.678255
-1.776492
-1.172822
-0.903240
-0.147957
-0.028442
0.233610
-0.422090
-0.314717
-0.107005
0.119595
0.234553
0.454234
-0.284574
-0.398868
-1.193487
-0.805646
-0.183299
-0.228201
-0.207947
-0.298704
-0.512975
-0.169131
0.675054
0.913709
1.823018
1.383969
1.169315
1.016899
1.143262
1.658916
1.634016
1.288635
1.115471
0.485063
0.286047
0.469863
0.420574
0.311186
0.347744
0.443258
0.161389
0.506174
0.879845
1.406136
1.679056
1.205794
0.852052
1.004779
1.238096
1.172043
1.298845
0.812691
0.339050
-0.355787
-0.406476
-0.337227
-0.367620
-0.289972
-0.419434
-0.671211
-1.347076
-0.682030
-0.399311
0.121618
0.177949
0.163913
-0.459875
-0.358269
-0.591315
0.068731
-0.223760
-0.422636
-0.970611
-1.365629
-1.743711
-1.755987
-1.265022
-1.255225
-1.449340
-1.137783
-1.672146
-1.226330
-0.713779
-0.629578
0.024819
-0.109783
-0.554332
-0.610905
-0.065951
-0.247059
-0.051468
0.053148
-0.476828
-1.146201
-1.175658
-1.203479
-0.581713
-0.582603
-0.167899
-0.755056
-0.505611
-0.220861
0.222226
0.561082
1.251985
1.355004
1.024892
0.875074
1.164054
1.341161
1.758464
1.620992
0.657704
0.428465
0.194510
0.476027
0.499683
0.553780
0.549620
-0.003981
0.221268
0.694296
0.845568
1.566113
1.763606
1.636484
1.095838
1.193098
1.050584
1.262279
1.527966
1.157224
0.539866
-0.018812
-0.401603
-0.268372
-0.205334
0.064723
-0.438028
-0.538375
-1.047096
-0.610045
-0.067839
0.174704
0.542404
0.365221
-0.094120
-0.236977
-0.147417
0.384341
0.331968
-0.054968
-0.753863
-1.203324
-1.455531
-1.619007
-1.377214
-1.084268
-1.321869
-1.705530
-1.946270
-1.602339
-1.161086
-0.456500
-0.263566
-0.424332
-0.561957
-0.486717
-0.385090
0.126419
-0.240396
-0.233797
-0.665043
-1.019402
-1.074817
-1.213128
-1.072097
-1.199009
-0.675087
-0.966752
-0.856116
-0.754906
