 FIR Coefficients for an 8 Pole Inverse Chebyshev Low Pass 
 0.003665568763034296
 0.012872642818093088
 0.031426579257498803
 0.060431237167071036
 0.099361732379137827
 0.140828679682515723
 0.176282087836624690
 0.194875529072708720
 0.187825861456517529
 0.152818897966991885
 0.095666526602818283
 0.029073191087793951
-0.031018464690143910
-0.070405440518168674
-0.081323651174231321
-0.064977014409738632
-0.030837751184218939
 0.007100933243867077
 0.035516107354542345
 0.046323724621886268
 0.038839140849250831
 0.018975420933741272
-0.003918335232897741
-0.021013935677430366
-0.027175663532868565
-0.022210921225913716
-0.010074216362903050
 0.003371761866018227
 0.012892686050193310
 0.015736113820983465
 0.012179351928266680
 0.004843842513304254
-0.002765531482404093
-0.007751570056163667
-0.008804924204901268
-0.006364606761923687
-0.002095505155716364
 0.002009594504909282
 0.004449368113007763
 0.004685602761956442
 0.003129631739341044
 780.5338767879607080E-6
-0.001295923207950129
-0.002384660575795524
-0.002319737930352777
-0.001412454717561145
-220.9454929277712270E-6
 731.9168589711373440E-6
 0.001148952378203370
 0.001021527913342568
 553.4411032736879860E-6
 26.29416440447345590E-6
-338.5420745903169290E-6
-450.3902208547287960E-6
-351.6910858296181460E-6
-158.2467426646861100E-6
 11.54841064767475170E-6
 92.47224394968698390E-6
 85.18251231172207840E-6
 36.43986418464099590E-6

