2.547522646616630E-3
7.702519701497820E-3
1.764637663442090E-2
3.363267118973200E-2
5.580225044786340E-2
8.366938612796410E-2
1.131992094416280E-1
1.412385350830160E-1
1.613511719908310E-1
1.681820495737320E-1
1.584836094962660E-1
1.313089546944000E-1
8.913827066377000E-2
3.828309395320010E-2
-1.234831530548740E-2
-5.345234968246410E-2
-7.757291742945210E-2
-8.089140544505580E-2
-6.427359549029230E-2
-3.325420544053040E-2
3.237484376512730E-3
3.521075616965260E-2
5.435666355979230E-2
5.633764246908270E-2
4.189286116663140E-2
1.642681327208100E-2
-1.176473488386490E-2
-3.406801414977160E-2
-4.413656696745230E-2
-3.971136414895060E-2
-2.313551262013740E-2
-4.253903260345160E-4
2.078690891075910E-2
3.376301893983020E-2
3.479694481328860E-2
2.428851221783750E-2
6.422173532254460E-3
-1.240154191949750E-2
-2.581381008571700E-2
-2.961941600196840E-2
-2.310776485299260E-2
-9.117911582019560E-3
7.113214268946950E-3
1.987126852441780E-2
2.495745985494380E-2
2.106123290919610E-2
1.006432491050380E-2
-3.780982212098880E-3
-1.546100609502440E-2
-2.099755626585740E-2
-1.879275951087470E-2
-1.006882600889720E-2
1.710845870382040E-3
1.218681311612690E-2
1.770107746725610E-2
1.656546453717020E-2
9.562720651367590E-3
-4.631914166374460E-4
-9.737082236434040E-3
-1.496112991235560E-2
-1.447982535201450E-2
-8.791404152428730E-3
-2.523552873004320E-4
7.877551867621510E-3
1.266896539730280E-2
1.257135313794990E-2
7.902708380921600E-3
6.304043629272990E-4
-6.439427944207140E-3
-1.073549141931980E-2
-1.084978614084460E-2
-6.987698664798270E-3
-8.003585378596280E-4
5.304944657377640E-3
9.093229535818530E-3
9.313570329969480E-3
6.101431232990280E-3
8.466288974007210E-4
-4.393419052416690E-3
-7.691941213716790E-3
-7.955208943956780E-3
-5.275188980789470E-3
-8.229989348220450E-4
3.649764251214250E-3
6.493570754059200E-3
6.763623186233550E-3
4.524556313897160E-3
7.628762821206170E-4
-3.035973238888180E-3
-5.468290366590300E-3
-5.725586827684150E-3
-3.855005650790490E-3
-6.864381446132390E-4
2.525231686816460E-3
4.591840554558400E-3
4.826801255192100E-3
3.265767917701610E-3
6.054661755026400E-4
-2.098033182847550E-3
-3.843872001120170E-3
-4.052726764881410E-3
-2.752460873213380E-3
-5.265288730800710E-4
1.739691147113330E-3
3.206945501718020E-3
3.389191950791090E-3
2.308823114524290E-3
4.530270899782210E-4
-1.438771581493110E-3
-2.665926219045570E-3
-2.822803682422080E-3
-1.927819848555220E-3
-3.864823274630700E-4
1.186110519954930E-3
2.207600236202250E-3
2.341192174493990E-3
1.602319790323470E-3
3.273336371829010E-4
-9.741935406232570E-4
-1.820411412833730E-3
-1.933130233085660E-3
-1.325487398818770E-3
-2.754222288838490E-4
7.967560197037890E-4
1.494262189195570E-3
1.588563095203040E-3
1.090991299088710E-3
2.302810027733820E-4
-6.485170487788560E-4
-1.220349093986060E-3
-1.298578967481350E-3
-8.930973912914770E-4
-1.913040348685310E-4
5.249944919773560E-4
9.910187404288720E-4
1.055343237215750E-3
7.266920328055030E-4
1.578432019033510E-4
-4.223699764609890E-4
-7.996379040310500E-4
-8.520128722361810E-4
-5.872647023932220E-4
-1.292611931174790E-4
3.373854531977400E-4
6.404750440591260E-4
6.826423084798830E-4
4.708687987490630E-4
1.049588104206360E-4
-2.672605577871310E-4
-5.085922627752860E-4
-5.420881893740160E-4
-3.740721321747310E-4
-8.438738492050960E-5
2.096244241207310E-4
3.997472755893040E-4
4.259174987796030E-4
2.939040761803370E-4
6.705278467889430E-5
-1.624581455171990E-4
-3.103050681402840E-4
-3.303216784357090E-4
-2.278034195410370E-4
-5.251483658659210E-5
1.240455272199390E-4
2.371588421201910E-4
2.520380205632380E-4
1.735691283033550E-4
4.038438911186880E-5
-9.293059378991860E-5
-1.776597356108700E-4
-1.882787863289300E-4
-1.293151003059580E-4
-3.031928949903380E-5
6.788078245798620E-5
1.295547080825590E-4
1.366679826926490E-4
9.342932005477870E-5
2.201998866862800E-5
-4.785502214379090E-5
-9.093191881193420E-5
-9.518542514448650E-5
-6.453742812115970E-5
-1.522515906562540E-5
3.197606098416600E-5
6.017290464681600E-5
6.211755245583800E-5
4.147050344163090E-5
9.707524057457810E-6
-1.950650802376910E-5
-3.591086768120100E-5
-3.601438659993610E-5
-2.323674618890330E-5
-5.269990370499550E-6
9.828128622863120E-6
1.699441149795030E-5
1.565201638638760E-5
8.996704557579510E-6
1.742117646296040E-6
-2.423987790771630E-6
-2.456104305422030E-6

