2.836784376711170E-12
9.082470850065370E-11
1.432658735528720E-9
1.485406035598570E-8
1.139548313999990E-7
6.904058250981810E-7
3.443130360415010E-6
1.454670394574130E-5
5.317650557521460E-5
1.709433075138750E-4
4.894466360681470E-4
1.261059530182310E-3
2.948262776787710E-3
6.297292048952840E-3
1.235652559435580E-2
2.237171144572130E-2
3.749802018620340E-2
5.831920197043900E-2
8.425636148119000E-2
1.130559186472790E-1
1.406170485797010E-1
1.613974046282270E-1
1.694918799691420E-1
1.602343960807420E-1
1.319074393763220E-1
8.697340481016010E-2
3.226795633529040E-2
-2.214441202539220E-2
-6.531790656060650E-2
-8.837870670865000E-2
-8.717851455604780E-2
-6.373381966083660E-2
-2.586626266607570E-2
1.496378431894770E-2
4.701314831255620E-2
6.174240846773300E-2
5.629090197538010E-2
3.411886251773520E-2
3.614491316488240E-3
-2.483936329426860E-2
-4.232206990365090E-2
-4.417986667242800E-2
-3.126039948103480E-2
-9.233434392118750E-3
1.366971295871110E-2
2.963297714953980E-2
3.388008454577630E-2
2.606252283940440E-2
1.001364300415760E-2
-7.929049702548290E-3
-2.134089720202880E-2
-2.596162171864130E-2
-2.100107545546500E-2
-9.112922156336000E-3
4.846707297110940E-3
1.573482373181880E-2
1.997329625447020E-2
1.668149453353730E-2
7.746429742053780E-3
-3.103069900239440E-3
-1.179942896019270E-2
-1.542613396885510E-2
-1.315962534399150E-2
-6.372819565425610E-3
2.062054629057510E-3
8.947684430837310E-3
1.194566970962830E-2
1.034132736979570E-2
5.150789283544350E-3
-1.408188592676660E-3
-6.831514826194970E-3
-9.262723579722130E-3
-8.105084900461460E-3
-4.119552551722650E-3
9.792056562987480E-4
5.235158269227670E-3
7.183959810225830E-3
6.338291195623660E-3
3.272277217625030E-3
-6.879816075949610E-4
-4.018012891357040E-3
-5.568175008749450E-3
-4.945973156368680E-3
-2.586436228244220E-3
4.853903735071760E-4
3.083994808948900E-3
4.310204448618320E-3
3.850850056941260E-3
2.036239051831120E-3
-3.422261820359140E-4
-2.364740097342920E-3
-3.330371608924340E-3
-2.990972647424340E-3
-1.597460164462140E-3
2.401845413657280E-4
1.810061138159870E-3
2.567507723977420E-3
2.317000137515120E-3
1.249034516584130E-3
-1.672308611951730E-4
-1.382272631362660E-3
-1.974209133136760E-3
-1.789744534433100E-3
-9.733105338295780E-4
1.151361103575710E-4
1.052640683663070E-3
1.513510076676970E-3
1.378123919326260E-3
7.557844467476660E-4
-7.810669486744310E-5
-7.990413487953370E-4
-1.156474748271730E-3
-1.057507741450660E-3
-5.846712417808450E-4
5.198240253583500E-5
6.043406932980450E-4
8.804074206638480E-4
8.083946294050150E-4
4.504599497361320E-4
-3.374014806728000E-5
-4.552282444811180E-4
-6.674936925706260E-4
-6.153598921742330E-4
-3.455093861886680E-4
2.117010081537910E-5
3.413508142683900E-4
5.037529405940300E-4
4.662181610851850E-4
2.637008638490000E-4
-1.265440008466240E-5
-2.546552290911480E-4
-3.782220187203460E-4
-3.513568445800930E-4
-2.001480788059370E-4
7.010525315378060E-6
1.888823206661370E-4
2.823147210600860E-4
2.632052242288290E-4
1.509583472886530E-4
-3.377660145141400E-6
-1.391738294490680E-4
-2.093170505784430E-4
-1.958114547678780E-4
-1.130377547674020E-4
1.132952309268210E-6
1.017654212698170E-4
1.539886118760790E-4
1.445055730418510E-4
8.393295710255320E-5
1.707384940636860E-7
-7.374630715479430E-5
-1.122475358533010E-4
-1.056311632381190E-4
-6.170318024592400E-5
-8.512961513662000E-7
5.287082784978680E-5
8.092144218972040E-5
7.633187500888420E-5
4.481692437607430E-5
1.132033275956160E-6
-3.741078066366550E-5
-5.755072741493330E-5
-5.438177321843950E-5
-3.206878681177660E-5
-1.167539173023750E-6
2.603977118310630E-5
4.023335381841360E-5
3.805070387872050E-5
2.251262271065280E-5
1.062875540288420E-6
-1.774275702069120E-5
-2.750255087870630E-5
-2.599761100028130E-5
-1.540793994045570E-5
-8.877620820695060E-7
1.174540780425050E-5
1.823060411144590E-5
1.718614391454040E-5
1.017699495561380E-5
6.869984977752270E-7
-7.459037611813700E-6
-1.155329754205100E-5
-1.081801585051660E-5
-6.370522363902430E-6
-4.880661745080960E-7
4.437762213915380E-6
6.810688767353830E-6
6.280480948454350E-6
3.640419656916530E-6
3.066280798479280E-7
-2.345236130548810E-6
-3.500777572909970E-6
-3.105020140022270E-6
-1.718021671893090E-6
-1.504681227108850E-7
9.288864613035130E-7
1.243338917608760E-6
9.349134400736830E-7
3.968612037708180E-7
2.228132907623330E-8

