2.525885956325330E-3
7.724111773830010E-3
1.867733487708760E-2
3.539789808772750E-2
5.944193173785210E-2
8.924957924007060E-2
1.211301861801700E-1
1.497991671215540E-1
1.691003990684000E-1
1.733171723321410E-1
1.587749760271390E-1
1.253447390280150E-1
7.715440051951900E-2
2.221392073809960E-2
-2.921865077221390E-2
-6.707444492623500E-2
-8.416104889208750E-2
-7.819213641698210E-2
-5.259734787246400E-2
-1.567625246947400E-2
2.163263207296730E-2
4.885635672187260E-2
5.893912259317010E-2
5.023072556856780E-2
2.677288217021450E-2
-3.117267047369880E-3
-2.962141371544100E-2
-4.455195279343510E-2
-4.392307375760950E-2
-2.902501697847500E-2
-5.775913385416310E-3
1.749251558110930E-2
3.292615789849400E-2
3.581204014287800E-2
2.600713344613730E-2
7.778648855928720E-3
-1.193153870618830E-2
-2.605290630231370E-2
-2.991178749562500E-2
-2.274263764091210E-2
-7.784700641459280E-3
9.110002755631390E-3
2.169599852644740E-2
2.564022091206050E-2
1.997629992566280E-2
7.311330033032370E-3
-7.331999257070860E-3
-1.845600260478610E-2
-2.215855740806000E-2
-1.746819932694580E-2
-6.579571113478830E-3
6.142962899066040E-3
1.587118374691880E-2
1.915574403649980E-2
1.511757909091290E-2
5.668551823840510E-3
-5.369529078972910E-3
-1.377059704934710E-2
-1.653369681348930E-2
-1.292393698858150E-2
-4.655275539141200E-3
4.905302281308680E-3
1.207098567200800E-2
1.426833100412100E-2
1.093054980030580E-2
3.631305269072820E-3
-4.646409896604650E-3
-1.069403934712190E-2
-1.233292395886590E-2
-9.168542891191940E-3
-2.671919906983030E-3
4.500499336202190E-3
9.560541911617810E-3
1.068464594866610E-2
7.641090935305600E-3
1.820731401540890E-3
-4.400873180607270E-3
-8.603191996158190E-3
-9.275770279153230E-3
-6.332080971247280E-3
-1.094463828348480E-3
4.306677724138570E-3
7.771909097356550E-3
8.062959452925350E-3
5.217106644331640E-3
4.928612197197750E-4
-4.196560112939980E-3
-7.032466098254800E-3
-7.010816911254210E-3
-4.270498945246620E-3
-6.887944505463330E-6
4.061723090514000E-3
6.362606914407570E-3
6.091779739181560E-3
3.468514956438600E-3
-3.761761870909930E-4
-3.900694661177660E-3
-5.748249091397480E-3
-5.284669412695120E-3
-2.790308228367290E-3
6.700224131835880E-4
3.715980700040270E-3
5.180638106013990E-3
4.573152406089620E-3
2.217967197432890E-3
-8.879633371486890E-4
-3.512042918729520E-3
-4.654405245854130E-3
-3.944487311036940E-3
-1.736245680452990E-3
1.042285784610120E-3
3.294086056624550E-3
4.166268375119370E-3
3.388573248792530E-3
1.332215230942140E-3
-1.143971430016680E-3
-3.067333887071150E-3
-3.714161793951510E-3
-2.897235114338790E-3
-9.949134401898800E-4
1.202623995803930E-3
2.836614679596600E-3
3.296659485589580E-3
2.463689975293320E-3
7.150162454712920E-4
-1.226515791176320E-3
-2.606149792177180E-3
-2.912606168018750E-3
-2.082156197757790E-3
-4.845492450423810E-4
1.222698067022510E-3
2.379474236852710E-3
2.560896108788320E-3
1.747575685505480E-3
2.966452136345450E-4
-1.197138145056150E-3
-2.159438511884130E-3
-2.240354091136980E-3
-1.455423426050780E-3
-1.453480757099700E-4
1.154860205580090E-3
1.948256127913350E-3
1.949683735943630E-3
1.201581653466740E-3
2.545867793600810E-5
-1.100077097787440E-3
-1.747573200065260E-3
-1.687457642801450E-3
-9.822597125026450E-4
6.758467138380430E-5
1.036307613833690E-3
1.558545428648990E-3
1.452131518179220E-3
7.939448184619790E-4
-1.377983132030820E-4
-9.664778798819160E-4
-1.381914002931460E-3
-1.242070421670150E-3
-6.333727349184140E-4
1.887246814834130E-4
8.930077109320970E-4
1.218075995019380E-3
1.055579591295770E-3
4.975105836655160E-4
-2.234885848165150E-4
-8.178837219848780E-4
-1.067147286388500E-3
-8.909353049788550E-4
-3.835464767280570E-4
2.448426072774240E-4
7.427212412833500E-4
9.290175144814300E-4
7.464132387364670E-4
2.888824947554490E-4
-2.552048164684600E-4
-6.688169712336260E-4
-8.033973141123080E-4
-6.203130773100770E-4
-2.111288473550820E-4
2.566910677129660E-4
5.971940901189930E-4
6.898585138893060E-4
5.109789420270760E-4
1.480979621618650E-4
-2.511434888469310E-4
-5.286411879935710E-4
-5.878680918183720E-4
-4.168156783573520E-4
-9.779785916779720E-5
2.401562033571410E-4
4.637461437386680E-4
4.968167054751380E-4
3.363013082174590E-4
5.842456100129380E-5
-2.250989680346590E-4
-4.029258000371250E-4
-4.160425528797910E-4
-2.679960743471530E-4
-2.835352838200060E-5
2.071391382920240E-4
3.464520915523600E-4
3.448512343980250E-4
2.105485439751060E-4
6.130245655138460E-6
-1.872621980868210E-4
-2.944751241882660E-4
-2.825321923251190E-4
-1.626992286793490E-4
9.539854358429930E-6
1.662909819851880E-4
2.470435879470110E-4
2.283722194037880E-4
1.232821437785690E-4
-1.980191436302400E-5
-1.449036511371990E-4
-2.041228012830810E-4
-1.816664509377790E-4
-9.122468427717280E-5
2.566241906407950E-5
1.236504520499310E-4
1.656106272081410E-4
1.417271930993370E-4
6.554614750023650E-5
-2.800001559690930E-5
-1.029692719313150E-4
-1.313514602852180E-4
-1.078908872522110E-4
-4.535518572367150E-5
2.757622581487560E-5
8.320000348413390E-5
1.011484574879540E-4
7.952346931737280E-5
2.984643138183500E-5
-2.504591490026340E-5
-6.459773570010900E-5
-7.477416645743640E-5
-5.602434818731010E-5
-1.829649956544580E-5
2.096740852294500E-5
4.734479610512310E-5
5.197969298544140E-5
3.682920052770620E-5
1.005954147429860E-5
-1.581217436137730E-5
-3.156167764357330E-5
-3.250253909025000E-5
-2.141175515264880E-5
-4.562493961697090E-6
9.974006639329760E-6
1.731689275500270E-5
1.607323671499340E-5
9.284721654561070E-6
1.300147470893380E-6
-3.777670097223240E-6
-4.635803268930910E-6
-2.420894447915220E-6

