-3.977709904851240E-9
3.546398471776160E-8
4.181898444013530E-7
2.984221458466560E-6
1.583250565061220E-5
6.686497895383920E-5
2.344943866889130E-4
7.034117188173980E-4
1.844606119494910E-3
4.299392312054390E-3
9.021407508987840E-3
1.721142927358060E-2
3.008522923038870E-2
4.845769824680360E-2
7.220506285973480E-2
9.975806703384510E-2
1.278426505211030E-1
1.516790473084580E-1
1.657518143332300E-1
1.650837585321500E-1
1.467372900437850E-1
1.111051942822960E-1
6.251581340992280E-2
8.807854413389380E-3
-4.018798228985840E-2
-7.496726969398970E-2
-8.886542661139910E-2
-8.001516884346220E-2
-5.208850716970830E-2
-1.349048660115440E-2
2.485751331127760E-2
5.254331868718620E-2
6.260105515985750E-2
5.344834380274910E-2
2.920072490421030E-2
-1.752379213824230E-3
-2.946476760950250E-2
-4.557320642532220E-2
-4.584887255191350E-2
-3.134648803290920E-2
-7.807890967564490E-3
1.643848238970020E-2
3.334275799878420E-2
3.778371323298170E-2
2.912208968042420E-2
1.117343797134780E-2
-9.328205072051550E-3
-2.518876796911880E-2
-3.125037579367500E-2
-2.606080316397960E-2
-1.217289954443810E-2
4.968479185410780E-3
1.909681356010000E-2
2.537804713177690E-2
2.204315994348500E-2
1.084961935316750E-2
-3.736444802907370E-3
-1.628361892849750E-2
-2.239481297991210E-2
-2.023232734516530E-2
-1.104228375914760E-2
1.461815470903960E-3
1.257700982848850E-2
1.837138540763780E-2
1.707280919619960E-2
9.598055603415780E-3
-9.283431980027870E-4
-1.043924178997040E-2
-1.547099511221930E-2
-1.440822763595250E-2
-7.983558791927050E-3
1.115640387811920E-3
9.344588707346450E-3
1.366213804546200E-2
1.263814242727980E-2
6.908081200825540E-3
-1.163141249020550E-3
-8.445896867251320E-3
-1.225033426535290E-2
-1.131055216280500E-2
-6.191550356169150E-3
1.006306698496690E-3
7.502666007885730E-3
1.090718301238110E-2
1.009444970600110E-2
5.565740265367860E-3
-8.141202813889870E-4
-6.577562862067920E-3
-9.605077217587080E-3
-8.901265800725000E-3
-4.913608847841670E-3
7.042002914561620E-4
5.769675145686510E-3
8.414969008801230E-3
7.771991059326720E-3
4.249405389024710E-3
-6.832835882274480E-4
-5.100048445831440E-3
-7.365286131305240E-3
-6.735412369312590E-3
-3.595352167184840E-3
7.419049458267200E-4
4.576334094420550E-3
6.482085061699150E-3
5.833373594805980E-3
3.002618112151520E-3
-8.287011687922910E-4
-4.156667799495560E-3
-5.740772708563860E-3
-5.062288845740240E-3
-2.487258684796190E-3
9.140805274426990E-4
3.807041151935790E-3
5.112472294921510E-3
4.405722597149390E-3
2.048408861446510E-3
-9.850290664354940E-4
-3.506251382669520E-3
-4.575495160551450E-3
-3.848721113925950E-3
-1.682378490288430E-3
1.033386025130510E-3
3.237582598938550E-3
4.110465782583590E-3
3.375704379771970E-3
1.382289918896310E-3
-1.055465581984880E-3
-2.988407945520550E-3
-3.700215214273670E-3
-2.970574309977180E-3
-1.138076718121510E-3
1.052542579498570E-3
2.751398871437780E-3
3.331698197319680E-3
2.619049254524330E-3
9.387481330386610E-4
-1.029197757099580E-3
-2.523908972888180E-3
-2.996604238713710E-3
-2.310392785778650E-3
-7.748567731568440E-4
9.906551853698220E-4
2.305679468076150E-3
2.689867747200950E-3
2.036935354780390E-3
6.389733109512730E-4
-9.416407819505460E-4
-2.097449975489980E-3
-2.408461058838470E-3
-1.793377317354870E-3
-5.256505826458940E-4
8.858019683513050E-4
1.899967131046550E-3
2.150282942138100E-3
1.575845123291700E-3
4.308551883499250E-4
-8.258182048587810E-4
-1.713684981786240E-3
-1.913595196178100E-3
-1.381254753748560E-3
-3.514339927926420E-4
7.637154427815180E-4
1.538826390455920E-3
1.696873947253060E-3
1.207046456429120E-3
2.848398026182610E-4
-7.010625563793710E-4
-1.375457559370040E-3
-1.498766560027230E-3
-1.051066089462530E-3
-2.289962544538150E-4
6.390694101702040E-4
1.223518260920610E-3
1.318052765418680E-3
9.114812322315080E-4
1.822061496675270E-4
-5.786509084713920E-4
-1.082837082097040E-3
-1.153609940098400E-3
-7.867134751294040E-4
-1.430778195724570E-4
5.204801070838440E-4
9.531475368129830E-4
1.004390594191750E-3
6.753896597191390E-4
1.104707754498640E-4
-4.650273463964940E-4
-8.340984909976190E-4
-8.694021466024350E-4
-5.763003969912240E-4
-8.344947267943780E-5
4.125940577254670E-4
7.252638772700110E-4
7.476902168206040E-4
4.883641855010530E-4
6.124193619999670E-5
-3.633447273071680E-4
-6.261544322978940E-4
-6.383269550225040E-4
-4.105974559543360E-4
-4.320268584102190E-5
3.173380885792060E-4
5.362327459942800E-4
5.404057692676540E-4
3.420919173982850E-4
2.878129805741100E-5
-2.745563837220020E-4
-4.549308829039900E-4
-4.530424135741090E-4
-2.820000824736300E-4
-1.749841182482150E-5
2.349302024144560E-4
3.816678872916030E-4
3.753801689260310E-4
2.295276972093640E-4
8.929249339869070E-6
-1.983574711511960E-4
-3.158647399122220E-4
-3.065963022523120E-4
-1.839305985655880E-4
-2.693129138028700E-6
1.647168210297790E-4
2.569557230371360E-4
2.459078539400150E-4
1.445137320560550E-4
-1.552982335259020E-6
-1.338764793595420E-4
-2.043963027345020E-4
-1.925759095048610E-4
-1.106308755505470E-4
4.118461584478930E-6
1.056999240974120E-4
1.576681053912980E-4
1.459081780061090E-4
8.168427659283870E-5
-5.281663526199270E-6
-8.004934916682860E-5
-1.162816757983300E-4
-1.052600399250020E-4
-5.712385440611770E-5
5.291895821455700E-6
5.678772841834190E-5
7.977764695296600E-5
7.003436374193320E-5
3.644588357928190E-5
-4.371124448979700E-6
-3.578002016127990E-5
-4.772682580277900E-5
-3.968040479836650E-5
-1.919120762414040E-5
2.715610187862110E-6
1.689386616499300E-5
1.972957237087180E-5
1.369206523136180E-5
4.943086959298200E-6
-4.975561555407950E-7

